
=== Sheet: วิเคราะห์รวม ===
Unnamed: 0    mass_0 Unnamed: 2    mass_5 Unnamed: 4   mass_10 Unnamed: 6   mass_15 Unnamed: 8   mass_20 Unnamed: 10   mass_25 Unnamed: 12   mass_30  Unnamed: 14  Unnamed: 15  Unnamed: 16  Unnamed: 17 Unnamed: 18  mass_5.1 Unnamed: 20 mass_10.1 Unnamed: 22 mass_15.1 Unnamed: 24 mass_20.1 Unnamed: 26 mass_25.1 Unnamed: 28 mass_30.1
         x         y          x         y          x         y          x         y          x         y           x         y           x         y          NaN          NaN          NaN          NaN           x         y           x         y           x         y           x         y           x         y           x         y
  0.177253 -0.001547   0.177253 -0.001547    0.30131  0.000313   0.292044 -0.035801   0.320715 -0.040795     0.30821 -0.020483     0.09271 -0.073036          NaN          NaN          NaN          NaN    0.927253 -0.001547     1.05131  0.000313    1.422044 -0.035801     1.81821 -0.040795     2.19821 -0.020483     2.74271 -0.073036
   0.18391 -0.001964    0.18391 -0.001964   0.432487 -0.029491   0.283976 -0.037331   0.430186  0.005981    0.460337 -0.070699    0.204265 -0.179306          NaN          NaN          NaN          NaN     0.93391 -0.001964    1.182487 -0.029491    1.413976 -0.037331    1.970337  0.005981    2.350337 -0.070699    2.854265 -0.179306
  0.331055  0.033736   0.331055  0.033736   0.356326  -0.00682   0.297037  -0.03308     0.3216  0.097169    0.101448 -0.068235    0.081702 -0.110282          NaN          NaN          NaN          NaN    1.081055  0.033736    1.106326  -0.00682    1.427037  -0.03308    1.611449  0.097169    1.991448 -0.068235    2.731702 -0.110282
  0.161415 -0.002059   0.161415 -0.002059   0.286742  0.030138   0.293578 -0.019153   0.229778  0.000894    0.047177 -0.079269   -0.199067 -0.163044          NaN          NaN          NaN          NaN    0.911415 -0.002059    1.036742  0.030138    1.423578 -0.019153    1.557177  0.000894    1.937177 -0.079269    2.450933 -0.163044
   0.13364 -0.035285    0.13364 -0.035285    0.44339  0.000023   0.220828  0.035475   0.328078  0.005503    0.097105 -0.054972    0.344853 -0.129567          NaN          NaN          NaN          NaN     0.88364 -0.035285     1.19339  0.000023    1.350828  0.035475    1.607105  0.005503    1.987105 -0.054972    2.994853 -0.129567
   0.34295 -0.024983    0.34295 -0.024983   0.337354  0.023673   0.289473 -0.012175   0.508173  0.058402    0.228218 -0.086072    0.213685  -0.07321          NaN          NaN          NaN          NaN     1.09295 -0.024983    1.087354  0.023673    1.419473 -0.012175    1.738218  0.058402    2.118218 -0.086072    2.863685  -0.07321
  1.000482   0.03325   1.000482   0.03325   0.426787  0.022762   0.294661  0.027021   0.463954 -0.016978    0.273255  -0.08018    -0.08335 -0.111561          NaN          NaN          NaN          NaN    1.750482   0.03325    1.176787  0.022762    1.424661  0.027021    1.783254 -0.016978    2.163254  -0.08018     2.56665 -0.111561
  0.559338  0.049953   0.559338  0.049953   0.447707  -0.00208   0.344203 -0.033297   0.368815   0.04488     0.23942 -0.053508   -0.038868  -0.15244          NaN          NaN          NaN          NaN    1.309338  0.049953    1.197707  -0.00208    1.474203 -0.033297     1.74942   0.04488     2.12942 -0.053508    2.611132  -0.15244
   1.06869 -0.005905    1.06869 -0.005905   0.268969 -0.000078   0.206736 -0.036024   0.196814 -0.000185    0.224308   0.02408    0.213609 -0.173712          NaN          NaN          NaN          NaN     1.81869 -0.005905    1.018969 -0.000078    1.336736 -0.036024    1.734308 -0.000185    2.114308   0.02408    2.863609 -0.173712
  0.113351  0.002432   0.113351  0.002432   0.309917 -0.031398   0.175277  0.005208   0.391659  0.070101    0.066071 -0.003609    0.219041 -0.097484          NaN          NaN          NaN          NaN    0.863351  0.002432    1.059917 -0.031398    1.305276  0.005208    1.576071  0.070101    1.956071 -0.003609    2.869041 -0.097484
  0.434466 -0.021792   0.434466 -0.021792   0.335131  0.007345   0.295607 -0.037562   0.442015  0.040599    0.242058 -0.048657   -0.176856 -0.122632          NaN          NaN          NaN          NaN    1.184466 -0.021792    1.085131  0.007345    1.425607 -0.037562    1.752058  0.040599    2.132058 -0.048657    2.473143 -0.122632
  0.507818  0.037549   0.507818  0.037549   0.438712  0.025309   0.296941  0.006759   0.600803  0.038259    0.241412  -0.03664    0.009009 -0.129021          NaN          NaN          NaN          NaN    1.257818  0.037549    1.188712  0.025309    1.426941  0.006759    1.751412  0.038259    2.131412  -0.03664    2.659009 -0.129021

=== Sheet: 0 องศา ===
       ครั้งที่ทดลอง    แกน X     แกน Y   แกน Z     ระยะสี  Unnamed: 5 Unnamed: 6    mass_A
                   1 0.509773 -0.006127     NaN ไม่ถึงสนาม         NaN          x         y
                   2 0.479328 -0.003740     NaN ไม่ถึงสนาม         NaN  -0.240227 -0.006127
                   3 0.526450 -0.035752     NaN ไม่ถึงสนาม         NaN  -0.270672  -0.00374
                   4 0.526643 -0.013633     NaN ไม่ถึงสนาม         NaN   -0.22355 -0.035752
                   5 0.520268 -0.019898     NaN ไม่ถึงสนาม         NaN  -0.223357 -0.013633
                   6 0.498452  0.015054     NaN ไม่ถึงสนาม         NaN  -0.229732 -0.019898
                   7 0.580196 -0.033061     NaN ไม่ถึงสนาม         NaN  -0.251548  0.015054
                   8 0.520158 -0.032537     NaN ไม่ถึงสนาม         NaN  -0.169804 -0.033061
                   9 0.508867 -0.023454     NaN ไม่ถึงสนาม         NaN  -0.229842 -0.032537
                  10 0.517884 -0.013486     NaN ไม่ถึงสนาม         NaN  -0.241133 -0.023454
                  11 0.515097 -0.022199     NaN ไม่ถึงสนาม         NaN  -0.232116 -0.013486
                  12 0.522988 -0.020577     NaN ไม่ถึงสนาม         NaN  -0.234903 -0.022199
           ค่าเฉลี่ย 0.518842 -0.017451 #DIV/0!        NaN         NaN  -0.227012 -0.020577
ส่วนเบี่ยงเบนมาตรฐาน 0.023506  0.014409 #DIV/0!        NaN         NaN        NaN       NaN

=== Sheet: 5 องศา ===
       ครั้งที่ทดลอง    แกน X     แกน Y   แกน Z ระยะสี  Unnamed: 5 Unnamed: 6    mass_A
                   1 0.927253 -0.001547     NaN    ฟ้า         NaN          x         y
                   2 0.933910 -0.001964     NaN    ฟ้า         NaN   0.177253 -0.001547
                   3 1.081055  0.033736     NaN    ฟ้า         NaN    0.18391 -0.001964
                   4 0.911415 -0.002059     NaN    ฟ้า         NaN   0.331055  0.033736
                   5 0.883640 -0.035285     NaN    ฟ้า         NaN   0.161415 -0.002059
                   6 1.092950 -0.024983     NaN    ฟ้า         NaN    0.13364 -0.035285
                   7 1.750482  0.033250     NaN เหลือง         NaN    0.34295 -0.024983
                   8 1.309338  0.049953     NaN  เขียว         NaN   1.000482   0.03325
                   9 1.818690 -0.005905     NaN เหลือง         NaN   0.559338  0.049953
                  10 0.863351  0.002432     NaN    ฟ้า         NaN    1.06869 -0.005905
                  11 1.184466 -0.021792     NaN  เขียว         NaN   0.113351  0.002432
                  12 1.257818  0.037549     NaN  เขียว         NaN   0.434466 -0.021792
           ค่าเฉลี่ย 1.167864  0.005282 #DIV/0!    NaN         NaN   0.507818  0.037549
ส่วนเบี่ยงเบนมาตรฐาน 0.324241  0.027319 #DIV/0!    NaN         NaN        NaN       NaN

=== Sheet: 10 องศา ===
       ครั้งที่ทดลอง    แกน X     แกน Y   แกน Z ระยะสี  Unnamed: 5 Unnamed: 6    mass_A
                   1 1.051310  0.000313     NaN    ฟ้า         NaN          x         y
                   2 1.182487 -0.029491     NaN  เขียว         NaN    0.30131  0.000313
                   3 1.106326 -0.006820     NaN    ฟ้า         NaN   0.432487 -0.029491
                   4 1.036742  0.030138     NaN    ฟ้า         NaN   0.356326  -0.00682
                   5 1.193390  0.000023     NaN  เขียว         NaN   0.286742  0.030138
                   6 1.087354  0.023673     NaN    ฟ้า         NaN    0.44339  0.000023
                   7 1.176787  0.022762     NaN  เขียว         NaN   0.337354  0.023673
                   8 1.197707 -0.002080     NaN  เขียว         NaN   0.426787  0.022762
                   9 1.018969 -0.000078     NaN    ฟ้า         NaN   0.447707  -0.00208
                  10 1.059917 -0.031398     NaN    ฟ้า         NaN   0.268969 -0.000078
                  11 1.085131  0.007345     NaN    ฟ้า         NaN   0.309917 -0.031398
                  12 1.188712  0.025309     NaN  เขียว         NaN   0.335131  0.007345
           ค่าเฉลี่ย 1.115403  0.003308 #DIV/0!    NaN         NaN   0.438712  0.025309
ส่วนเบี่ยงเบนมาตรฐาน 0.068063  0.020128 #DIV/0!    NaN         NaN   0.383015 -0.000745

=== Sheet: 15 องศา ===
       ครั้งที่ทดลอง    แกน X     แกน Y   แกน Z ระยะสี  Unnamed: 5 Unnamed: 6    mass_A
                   1 1.422044 -0.035801     NaN  เขียว         NaN          x         y
                   2 1.413976 -0.037331     NaN  เขียว         NaN   0.292044 -0.035801
                   3 1.427037 -0.033080     NaN  เขียว         NaN   0.283976 -0.037331
                   4 1.423578 -0.019153     NaN  เขียว         NaN   0.297037  -0.03308
                   5 1.350828  0.035475     NaN  เขียว         NaN   0.293578 -0.019153
                   6 1.419473 -0.012175     NaN  เขียว         NaN   0.220828  0.035475
                   7 1.424661  0.027021     NaN  เขียว         NaN   0.289473 -0.012175
                   8 1.474203 -0.033297     NaN  เขียว         NaN   0.294661  0.027021
                   9 1.336736 -0.036024     NaN  เขียว         NaN   0.344203 -0.033297
                  10 1.305276  0.005208     NaN  เขียว         NaN   0.206736 -0.036024
                  11 1.425607 -0.037562     NaN  เขียว         NaN   0.175277  0.005208
                  12 1.426941  0.006759     NaN  เขียว         NaN   0.295607 -0.037562
           ค่าเฉลี่ย 1.404197 -0.014163 #DIV/0!    NaN         NaN   0.296941  0.006759
ส่วนเบี่ยงเบนมาตรฐาน 0.047697  0.026554 #DIV/0!    NaN         NaN   0.463066 -0.008136
                 NaN      NaN       NaN     NaN    NaN         NaN   0.309154  0.000388

=== Sheet: 20 องศา ===
       ครั้งที่ทดลอง    แกน X     แกน Y   แกน Z ระยะสี  Unnamed: 5 Unnamed: 6    mass_A
                   1 1.830715 -0.040795     NaN เหลือง         NaN          x         y
                   2 1.940186  0.005981     NaN    ส้ม         NaN   0.320715 -0.040795
                   3 1.831600  0.097169     NaN เหลือง         NaN   0.430186  0.005981
                   4 1.739778  0.000894     NaN เหลือง         NaN     0.3216  0.097169
                   5 1.838078  0.005503     NaN เหลือง         NaN   0.229778  0.000894
                   6 2.018172  0.058402     NaN    ส้ม         NaN   0.328078  0.005503
                   7 1.973954 -0.016978     NaN    ส้ม         NaN   0.508173  0.058402
                   8 1.878815  0.044880     NaN เหลือง         NaN   0.463954 -0.016978
                   9 1.706814 -0.000185     NaN เหลือง         NaN   0.368815   0.04488
                  10 1.901658  0.070101     NaN    ส้ม         NaN   0.196814 -0.000185
                  11 1.952015  0.040599     NaN    ส้ม         NaN   0.391659  0.070101
                  12 2.110803  0.038259     NaN    ส้ม         NaN   0.442015  0.040599
           ค่าเฉลี่ย 1.893549  0.025319 #DIV/0!    NaN         NaN   0.600803  0.038259
ส่วนเบี่ยงเบนมาตรฐาน 0.114594  0.039565 #DIV/0!    NaN         NaN    0.45913  0.045167

=== Sheet: 25 องศา ===
       ครั้งที่ทดลอง    แกน X     แกน Y   แกน Z ระยะสี  Unnamed: 5 Unnamed: 6    mass_A
                   1 2.198210 -0.020483     NaN    ส้ม         NaN          x         y
                   2 2.350337 -0.070699     NaN    แดง         NaN    0.30821 -0.020483
                   3 1.991448 -0.068235     NaN    ส้ม         NaN   0.460337 -0.070699
                   4 1.937177 -0.079269     NaN    ส้ม         NaN   0.101448 -0.068235
                   5 1.987105 -0.054972     NaN    ส้ม         NaN   0.047177 -0.079269
                   6 2.118218 -0.086072     NaN    ส้ม         NaN   0.097105 -0.054972
                   7 2.163254 -0.080180     NaN    ส้ม         NaN   0.228218 -0.086072
                   8 2.129420 -0.053508     NaN    ส้ม         NaN   0.273255  -0.08018
                   9 2.114308  0.024080     NaN    ส้ม         NaN    0.23942 -0.053508
                  10 1.956071 -0.003609     NaN    ส้ม         NaN   0.224308   0.02408
                  11 2.132058 -0.048657     NaN    ส้ม         NaN   0.066071 -0.003609
                  12 2.131412 -0.036640     NaN    ส้ม         NaN   0.242058 -0.048657
           ค่าเฉลี่ย 2.100752 -0.048187 #DIV/0!    NaN         NaN   0.241412  -0.03664
ส่วนเบี่ยงเบนมาตรฐาน 0.117350  0.033735 #DIV/0!    NaN         NaN   0.165346 -0.064503

=== Sheet: 30 องศา ===
       ครั้งที่ทดลอง    แกน X     แกน Y   แกน Z  ระยะสี  Unnamed: 5 Unnamed: 6    mass_A
                   1 2.742710 -0.073036     NaN เลยสนาม         NaN          x         y
                   2 2.854265 -0.179306     NaN เลยสนาม         NaN    0.09271 -0.073036
                   3 2.731702 -0.110282     NaN เลยสนาม         NaN   0.204265 -0.179306
                   4 2.450933 -0.163044     NaN     แดง         NaN   0.081702 -0.110282
                   5 2.994853 -0.129567     NaN เลยสนาม         NaN  -0.199067 -0.163044
                   6 2.863685 -0.073210     NaN เลยสนาม         NaN   0.344853 -0.129567
                   7 2.566650 -0.111561     NaN     แดง         NaN   0.213685  -0.07321
                   8 2.611132 -0.152440     NaN     แดง         NaN   -0.08335 -0.111561
                   9 2.863609 -0.173712     NaN เลยสนาม         NaN  -0.038868  -0.15244
                  10 2.869041 -0.097484     NaN เลยสนาม         NaN   0.213609 -0.173712
                  11 2.473143 -0.122632     NaN     แดง         NaN   0.219041 -0.097484
                  12 2.659009 -0.129021     NaN เลยสนาม         NaN  -0.176856 -0.122632
           ค่าเฉลี่ย 2.723394 -0.126275 #DIV/0!     NaN         NaN   0.009009 -0.129021
ส่วนเบี่ยงเบนมาตรฐาน 0.173203  0.035780 #DIV/0!     NaN         NaN   0.176556 -0.049441
                 NaN      NaN       NaN     NaN     NaN         NaN   0.019333 -0.038534
